ePSR, computation tunes and chromaticities
 
 'OBJET'                                                                                                      1
4869.148131767104
5
0.001 0.01  0.001 0.01  0.001 0.0001  ! dY/cm dT/mr dZ/cm dP/mr dS/cm dD/1
0.    0.    0.    0.    0.    1.      ! Y0/cm T0/m0 Z0/cm P0/m0 S0/cm D0/1
 
 'PARTICUL'                                                                                                   2
PROTON
 
 'SPNTRK'                                                                                                     3
0
 
 'SCALING'                                                                                                    4
1 3
BEND
-1
4869.148131767104
1
MULTIPOL QUAD
-1
4869.148131767104
1
MULTIPOL SEXT
-1
4869.148131767104
1
 
 'OPTIONS'                                                                                                    5
1 1
WRITE OFF
 
!--- import lattice ---
 'MARKER'  ! Include_Start : PSR_Lattice.dat;  range : [*,*:*,*]                                              6
 'DRIFT' D1                                                                                                   7
228.646
 
 'MULTIPOL' QUAD QD                                                                                           8
0
50.0 10.0  0.0 -5.504042858173e-01  0.0  0.0  0.0  0.0  0.0  0.0  0.0  0.0
0.0  0.0  0.0 1.0  0.0  0.0  0.0  0.0  0.0  0.0  0.0
0 1.122e-01 6.2671 -1.4982 3.5882 -2.1209 1.7230
0.0  0.0  0.0 1.0  0.0  0.0  0.0  0.0  0.0  0.0  0.0
0 1.122e-01 6.2671 -1.4982 3.5882 -2.1209 1.7230
0.0  0.0  0.0  0.0  0.0  0.0  0.0  0.0  0.0  0.0
2.0  ! cm
1  0.0  0.0  0.0
 
 'DRIFT' D2                                                                                                   9
45.0
 
 'CHANGREF' C1                                                                                               10
0.0  0.0 -18.0
 
 'BEND' SBEND                                                                                                11
0
250.7749201408435 0.0 2.464496802167e+00
0.0  0.0  0.0
4 2.401e-01 1.8639 -5.572e-01 3.904e-01  0.0  0.0
0.0  0.0  0.0
4 2.401e-01 1.8639 -5.572e-01 3.904e-01  0.0  0.0
2.0  ! cm
1  0.0  0.0  0.0
 
 'CHANGREF' C1                                                                                               12
0.0  0.0 -18.0
 
 'DRIFT' D2                                                                                                  13
45.0
 
 'MULTIPOL' QUAD QF                                                                                          14
0
50.0 10.0  0.0 4.004807303521e-01  0.0  0.0  0.0  0.0  0.0  0.0  0.0  0.0
0.0  0.0  0.0 1.0  0.0  0.0  0.0  0.0  0.0  0.0  0.0
0 1.122e-01 6.2671 -1.4982 3.5882 -2.1209 1.7230
0.0  0.0  0.0 1.0  0.0  0.0  0.0  0.0  0.0  0.0  0.0
0 1.122e-01 6.2671 -1.4982 3.5882 -2.1209 1.7230
0.0  0.0  0.0  0.0  0.0  0.0  0.0  0.0  0.0  0.0
2.0  ! cm
1  0.0  0.0  0.0
 
 'DRIFT' D1                                                                                                  15
228.646
 
! 02: cell T (trailing sextupole)
!
 'DRIFT' D1                                                                                                  16
228.646
 
 'MULTIPOL' QUAD QD                                                                                          17
0
50.0 10.0  0.0 -5.504042858173e-01  0.0  0.0  0.0  0.0  0.0  0.0  0.0  0.0
0.0  0.0  0.0 1.0  0.0  0.0  0.0  0.0  0.0  0.0  0.0
0 1.122e-01 6.2671 -1.4982 3.5882 -2.1209 1.7230
0.0  0.0  0.0 1.0  0.0  0.0  0.0  0.0  0.0  0.0  0.0
0 1.122e-01 6.2671 -1.4982 3.5882 -2.1209 1.7230
0.0  0.0  0.0  0.0  0.0  0.0  0.0  0.0  0.0  0.0
2.0
1  0.0  0.0  0.0
 
 'DRIFT' D2                                                                                                  18
45.0
 
 'CHANGREF' C1                                                                                               19
0.0  0.0 -18.0
 
 'BEND' SBEND                                                                                                20
0
250.7749201408435 0.0 2.464496802167e+00
0.0  0.0  0.0
4 2.401e-01 1.8639 -5.572e-01 3.904e-01  0.0  0.0
0.0  0.0  0.0
4 2.401e-01 1.8639 -5.572e-01 3.904e-01  0.0  0.0
2.0
1  0.0  0.0  0.0
 
 'CHANGREF' C1                                                                                               21
0.0  0.0 -18.0
 
 'DRIFT' D2                                                                                                  22
45.0
 
 'MULTIPOL' QUAD QF                                                                                          23
0
50.0 10.0  0.0 4.004807303521e-01  0.0  0.0  0.0  0.0  0.0  0.0  0.0  0.0
0.0  0.0  0.0 1.0  0.0  0.0  0.0  0.0  0.0  0.0  0.0
0 1.122e-01 6.2671 -1.4982 3.5882 -2.1209 1.7230
0.0  0.0  0.0 1.0  0.0  0.0  0.0  0.0  0.0  0.0  0.0
0 1.122e-01 6.2671 -1.4982 3.5882 -2.1209 1.7230
0.0  0.0  0.0  0.0  0.0  0.0  0.0  0.0  0.0  0.0
2.0
1  0.0  0.0  0.0
 
 'DRIFT' D3                                                                                                  24
30.0
 
 'MULTIPOL' SEXT SF                                                                                          25
0
50.0 10.0  0.0  0.0 3.285995736223e-02  0.0  0.0  0.0  0.0  0.0  0.0  0.0
0.0  0.0  0.0  0.0 1.0  0.0  0.0  0.0  0.0  0.0  0.0
0 1.122e-01 6.2671 -1.4982 3.5882 -2.1209 1.7230
0.0  0.0  0.0  0.0 1.0  0.0  0.0  0.0  0.0  0.0  0.0
0 1.122e-01 6.2671 -1.4982 3.5882 -2.1209 1.7230
0.0  0.0  0.0  0.0  0.0  0.0  0.0  0.0  0.0  0.0
2.0
1  0.0  0.0  0.0
 
 'DRIFT' D4                                                                                                  26
148.646
 
! 03: cell L (leading sextupole)
!
 'DRIFT' D4                                                                                                  27
148.646
 
 'MULTIPOL' SEXT SD                                                                                          28
0
50.0 10.0  0.0  0.0 -4.928993604334e-02  0.0  0.0  0.0  0.0  0.0  0.0  0.0
0.0  0.0  0.0  0.0  0.0  0.0  0.0  0.0  0.0  0.0  0.0
0 1.122e-01 6.2671 -1.4982 3.5882 -2.1209 1.7230
0.0  0.0  0.0  0.0 1.0  0.0  0.0  0.0  0.0  0.0  0.0
0 1.122e-01 6.2671 -1.4982 3.5882 -2.1209 1.7230
0.0  0.0  0.0  0.0  0.0  0.0  0.0  0.0  0.0  0.0
2.0
1  0.0  0.0  0.0
 
 'DRIFT' D3                                                                                                  29
30.0
 
 'MULTIPOL' QUAD QD                                                                                          30
0
50.0 10.0  0.0 -5.504042858173e-01  0.0  0.0  0.0  0.0  0.0  0.0  0.0  0.0
0.0  0.0  0.0 1.0  0.0  0.0  0.0  0.0  0.0  0.0  0.0
0 1.122e-01 6.2671 -1.4982 3.5882 -2.1209 1.7230
0.0  0.0  0.0 1.0  0.0  0.0  0.0  0.0  0.0  0.0  0.0
0 1.122e-01 6.2671 -1.4982 3.5882 -2.1209 1.7230
0.0  0.0  0.0  0.0  0.0  0.0  0.0  0.0  0.0  0.0
2.0
1  0.0  0.0  0.0
 
 'DRIFT' D2                                                                                                  31
45.0
 
 'CHANGREF' C1                                                                                               32
0.0  0.0 -18.0
 
 'BEND' SBEND                                                                                                33
0
250.7749201408435 0.0 2.464496802167e+00
0.0  0.0  0.0
4 2.401e-01 1.8639 -5.572e-01 3.904e-01  0.0  0.0
0.0  0.0  0.0
4 2.401e-01 1.8639 -5.572e-01 3.904e-01  0.0  0.0
2.0
1  0.0  0.0  0.0
 
 'CHANGREF' C1                                                                                               34
0.0  0.0 -18.0
 
 'DRIFT' D2                                                                                                  35
45.0
 
 'MULTIPOL' QUAD QF                                                                                          36
0
50.0 10.0  0.0 4.004807303521e-01  0.0  0.0  0.0  0.0  0.0  0.0  0.0  0.0
0.0  0.0  0.0 1.0  0.0  0.0  0.0  0.0  0.0  0.0  0.0
0 1.122e-01 6.2671 -1.4982 3.5882 -2.1209 1.7230
0.0  0.0  0.0 1.0  0.0  0.0  0.0  0.0  0.0  0.0  0.0
0 1.122e-01 6.2671 -1.4982 3.5882 -2.1209 1.7230
0.0  0.0  0.0  0.0  0.0  0.0  0.0  0.0  0.0  0.0
2.0
1  0.0  0.0  0.0
 
 'DRIFT' D1                                                                                                  37
228.646
 
! 04: cell 0 (no sextupoles)
!
 'DRIFT' D1                                                                                                  38
228.646
 
 'MULTIPOL' QUAD QD                                                                                          39
0
50.0 10.0  0.0 -5.504042858173e-01  0.0  0.0  0.0  0.0  0.0  0.0  0.0  0.0
0.0  0.0  0.0 1.0  0.0  0.0  0.0  0.0  0.0  0.0  0.0
0 1.122e-01 6.2671 -1.4982 3.5882 -2.1209 1.7230
0.0  0.0  0.0 1.0  0.0  0.0  0.0  0.0  0.0  0.0  0.0
0 1.122e-01 6.2671 -1.4982 3.5882 -2.1209 1.7230
0.0  0.0  0.0  0.0  0.0  0.0  0.0  0.0  0.0  0.0
2.0
1  0.0  0.0  0.0
 
 'DRIFT' D2                                                                                                  40
45.0
 
 'CHANGREF' C1                                                                                               41
0.0  0.0 -18.0
 
 'BEND' SBEND                                                                                                42
0
250.7749201408435 0.0 2.464496802167e+00
0.0  0.0  0.0
4 2.401e-01 1.8639 -5.572e-01 3.904e-01  0.0  0.0
0.0  0.0  0.0
4 2.401e-01 1.8639 -5.572e-01 3.904e-01  0.0  0.0
2.0
1  0.0  0.0  0.0
 
 'CHANGREF' C1                                                                                               43
0.0  0.0 -18.0
 
 'DRIFT' D2                                                                                                  44
45.0
 
 'MULTIPOL' QUAD QF                                                                                          45
0
50.0 10.0  0.0 4.004807303521e-01  0.0  0.0  0.0  0.0  0.0  0.0  0.0  0.0
0.0  0.0  0.0 1.0  0.0  0.0  0.0  0.0  0.0  0.0  0.0
0 1.122e-01 6.2671 -1.4982 3.5882 -2.1209 1.7230
0.0  0.0  0.0 1.0  0.0  0.0  0.0  0.0  0.0  0.0  0.0
0 1.122e-01 6.2671 -1.4982 3.5882 -2.1209 1.7230
0.0  0.0  0.0  0.0  0.0  0.0  0.0  0.0  0.0  0.0
2.0
1  0.0  0.0  0.0
 
 'DRIFT' D1                                                                                                  46
228.646
 
! 05: cell 0 (no sextupoles)
!
 'DRIFT' D1                                                                                                  47
228.646
 
 'MULTIPOL' QUAD QD                                                                                          48
0
50.0 10.0  0.0 -5.504042858173e-01  0.0  0.0  0.0  0.0  0.0  0.0  0.0  0.0
0.0  0.0  0.0 1.0  0.0  0.0  0.0  0.0  0.0  0.0  0.0
0 1.122e-01 6.2671 -1.4982 3.5882 -2.1209 1.7230
0.0  0.0  0.0 1.0  0.0  0.0  0.0  0.0  0.0  0.0  0.0
0 1.122e-01 6.2671 -1.4982 3.5882 -2.1209 1.7230
0.0  0.0  0.0  0.0  0.0  0.0  0.0  0.0  0.0  0.0
2.0
1  0.0  0.0  0.0
 
 'DRIFT' D2                                                                                                  49
45.0
 
 'CHANGREF' C1                                                                                               50
0.0  0.0 -18.0
 
 'BEND' SBEND                                                                                                51
0
250.7749201408435 0.0 2.464496802167e+00
0.0  0.0  0.0
4 2.401e-01 1.8639 -5.572e-01 3.904e-01  0.0  0.0
0.0  0.0  0.0
4 2.401e-01 1.8639 -5.572e-01 3.904e-01  0.0  0.0
2.0
1  0.0  0.0  0.0
 
 'CHANGREF' C1                                                                                               52
0.0  0.0 -18.0
 
 'DRIFT' D2                                                                                                  53
45.0
 
 'MULTIPOL' QUAD QF                                                                                          54
0
50.0 10.0  0.0 4.004807303521e-01  0.0  0.0  0.0  0.0  0.0  0.0  0.0  0.0
0.0  0.0  0.0 1.0  0.0  0.0  0.0  0.0  0.0  0.0  0.0
0 1.122e-01 6.2671 -1.4982 3.5882 -2.1209 1.7230
0.0  0.0  0.0 1.0  0.0  0.0  0.0  0.0  0.0  0.0  0.0
0 1.122e-01 6.2671 -1.4982 3.5882 -2.1209 1.7230
0.0  0.0  0.0  0.0  0.0  0.0  0.0  0.0  0.0  0.0
2.0
1  0.0  0.0  0.0
 
 'DRIFT' D1                                                                                                  55
228.646
 
! 06: cell 0 (no sextupoles)
!
 'DRIFT' D1                                                                                                  56
228.646
 
 'MULTIPOL' QUAD QD                                                                                          57
0
50.0 10.0  0.0 -5.504042858173e-01  0.0  0.0  0.0  0.0  0.0  0.0  0.0  0.0
0.0  0.0  0.0 1.0  0.0  0.0  0.0  0.0  0.0  0.0  0.0
0 1.122e-01 6.2671 -1.4982 3.5882 -2.1209 1.7230
0.0  0.0  0.0 1.0  0.0  0.0  0.0  0.0  0.0  0.0  0.0
0 1.122e-01 6.2671 -1.4982 3.5882 -2.1209 1.7230
0.0  0.0  0.0  0.0  0.0  0.0  0.0  0.0  0.0  0.0
2.0
1  0.0  0.0  0.0
 
 'DRIFT' D2                                                                                                  58
45.0
 
 'CHANGREF' C1                                                                                               59
0.0  0.0 -18.0
 
 'BEND' SBEND                                                                                                60
0
250.7749201408435 0.0 2.464496802167e+00
0.0  0.0  0.0
4 2.401e-01 1.8639 -5.572e-01 3.904e-01  0.0  0.0
0.0  0.0  0.0
4 2.401e-01 1.8639 -5.572e-01 3.904e-01  0.0  0.0
2.0
1  0.0  0.0  0.0
 
 'CHANGREF' C1                                                                                               61
0.0  0.0 -18.0
 
 'DRIFT' D2                                                                                                  62
45.0
 
 'MULTIPOL' QUAD QF                                                                                          63
0
50.0 10.0  0.0 4.004807303521e-01  0.0  0.0  0.0  0.0  0.0  0.0  0.0  0.0
0.0  0.0  0.0 1.0  0.0  0.0  0.0  0.0  0.0  0.0  0.0
0 1.122e-01 6.2671 -1.4982 3.5882 -2.1209 1.7230
0.0  0.0  0.0 1.0  0.0  0.0  0.0  0.0  0.0  0.0  0.0
0 1.122e-01 6.2671 -1.4982 3.5882 -2.1209 1.7230
0.0  0.0  0.0  0.0  0.0  0.0  0.0  0.0  0.0  0.0
2.0
1  0.0  0.0  0.0
 
 'DRIFT' D1                                                                                                  64
228.646
 
! 07: cell T (trailing sextupole)
!
 'DRIFT' D1                                                                                                  65
228.646
 
 'MULTIPOL' QUAD QD                                                                                          66
0
50.0 10.0  0.0 -5.504042858173e-01  0.0  0.0  0.0  0.0  0.0  0.0  0.0  0.0
0.0  0.0  0.0 1.0  0.0  0.0  0.0  0.0  0.0  0.0  0.0
0 1.122e-01 6.2671 -1.4982 3.5882 -2.1209 1.7230
0.0  0.0  0.0 1.0  0.0  0.0  0.0  0.0  0.0  0.0  0.0
0 1.122e-01 6.2671 -1.4982 3.5882 -2.1209 1.7230
0.0  0.0  0.0  0.0  0.0  0.0  0.0  0.0  0.0  0.0
2.0
1  0.0  0.0  0.0
 
 'DRIFT' D2                                                                                                  67
45.0
 
 'CHANGREF' C1                                                                                               68
0.0  0.0 -18.0
 
 'BEND' SBEND                                                                                                69
0
250.7749201408435 0.0 2.464496802167e+00
0.0  0.0  0.0
4 2.401e-01 1.8639 -5.572e-01 3.904e-01  0.0  0.0
0.0  0.0  0.0
4 2.401e-01 1.8639 -5.572e-01 3.904e-01  0.0  0.0
2.0
1  0.0  0.0  0.0
 
 'CHANGREF' C1                                                                                               70
0.0  0.0 -18.0
 
 'DRIFT' D2                                                                                                  71
45.0
 
 'MULTIPOL' QUAD QF                                                                                          72
0
50.0 10.0  0.0 4.004807303521e-01  0.0  0.0  0.0  0.0  0.0  0.0  0.0  0.0
0.0  0.0  0.0 1.0  0.0  0.0  0.0  0.0  0.0  0.0  0.0
0 1.122e-01 6.2671 -1.4982 3.5882 -2.1209 1.7230
0.0  0.0  0.0 1.0  0.0  0.0  0.0  0.0  0.0  0.0  0.0
0 1.122e-01 6.2671 -1.4982 3.5882 -2.1209 1.7230
0.0  0.0  0.0  0.0  0.0  0.0  0.0  0.0  0.0  0.0
2.0
1  0.0  0.0  0.0
 
 'DRIFT' D3                                                                                                  73
30.0
 
 'MULTIPOL' SEXT SF                                                                                          74
0
50.0 10.0  0.0  0.0 3.285995736223e-02  0.0  0.0  0.0  0.0  0.0  0.0  0.0
0.0  0.0  0.0  0.0 1.0  0.0  0.0  0.0  0.0  0.0  0.0
0 1.122e-01 6.2671 -1.4982 3.5882 -2.1209 1.7230
0.0  0.0  0.0  0.0 1.0  0.0  0.0  0.0  0.0  0.0  0.0
0 1.122e-01 6.2671 -1.4982 3.5882 -2.1209 1.7230
0.0  0.0  0.0  0.0  0.0  0.0  0.0  0.0  0.0  0.0
2.0
1  0.0  0.0  0.0
 
 'DRIFT' D4                                                                                                  75
148.646
 
! 08: cell L (leading sextupole)
!
 'DRIFT' D4                                                                                                  76
148.646
 
 'MULTIPOL' SEXT SD                                                                                          77
0
50.0 10.0  0.0  0.0 -4.928993604334e-02  0.0  0.0  0.0  0.0  0.0  0.0  0.0
0.0  0.0  0.0  0.0  0.0  0.0  0.0  0.0  0.0  0.0  0.0
0 1.122e-01 6.2671 -1.4982 3.5882 -2.1209 1.7230
0.0  0.0  0.0  0.0 1.0  0.0  0.0  0.0  0.0  0.0  0.0
0 1.122e-01 6.2671 -1.4982 3.5882 -2.1209 1.7230
0.0  0.0  0.0  0.0  0.0  0.0  0.0  0.0  0.0  0.0
2.0
1  0.0  0.0  0.0
 
 'DRIFT' D3                                                                                                  78
30.0
 
 'MULTIPOL' QUAD QD                                                                                          79
0
50.0 10.0  0.0 -5.504042858173e-01  0.0  0.0  0.0  0.0  0.0  0.0  0.0  0.0
0.0  0.0  0.0 1.0  0.0  0.0  0.0  0.0  0.0  0.0  0.0
0 1.122e-01 6.2671 -1.4982 3.5882 -2.1209 1.7230
0.0  0.0  0.0 1.0  0.0  0.0  0.0  0.0  0.0  0.0  0.0
0 1.122e-01 6.2671 -1.4982 3.5882 -2.1209 1.7230
0.0  0.0  0.0  0.0  0.0  0.0  0.0  0.0  0.0  0.0
2.0
1  0.0  0.0  0.0
 
 'DRIFT' D2                                                                                                  80
45.0
 
 'CHANGREF' C1                                                                                               81
0.0  0.0 -18.0
 
 'BEND' SBEND                                                                                                82
0
250.7749201408435 0.0 2.464496802167e+00
0.0  0.0  0.0
4 2.401e-01 1.8639 -5.572e-01 3.904e-01  0.0  0.0
0.0  0.0  0.0
4 2.401e-01 1.8639 -5.572e-01 3.904e-01  0.0  0.0
2.0
1  0.0  0.0  0.0
 
 'CHANGREF' C1                                                                                               83
0.0  0.0 -18.0
 
 'DRIFT' D2                                                                                                  84
45.0
 
 'MULTIPOL' QUAD QF                                                                                          85
0
50.0 10.0  0.0 4.004807303521e-01  0.0  0.0  0.0  0.0  0.0  0.0  0.0  0.0
0.0  0.0  0.0 1.0  0.0  0.0  0.0  0.0  0.0  0.0  0.0
0 1.122e-01 6.2671 -1.4982 3.5882 -2.1209 1.7230
0.0  0.0  0.0 1.0  0.0  0.0  0.0  0.0  0.0  0.0  0.0
0 1.122e-01 6.2671 -1.4982 3.5882 -2.1209 1.7230
0.0  0.0  0.0  0.0  0.0  0.0  0.0  0.0  0.0  0.0
2.0
1  0.0  0.0  0.0
 
 'DRIFT' D1                                                                                                  86
228.646
 
! 09: cell 0 (no sextupoles)
!
 'DRIFT' D1                                                                                                  87
228.646
 
 'MULTIPOL' QUAD QD                                                                                          88
0
50.0 10.0  0.0 -5.504042858173e-01  0.0  0.0  0.0  0.0  0.0  0.0  0.0  0.0
0.0  0.0  0.0 1.0  0.0  0.0  0.0  0.0  0.0  0.0  0.0
0 1.122e-01 6.2671 -1.4982 3.5882 -2.1209 1.7230
0.0  0.0  0.0 1.0  0.0  0.0  0.0  0.0  0.0  0.0  0.0
0 1.122e-01 6.2671 -1.4982 3.5882 -2.1209 1.7230
0.0  0.0  0.0  0.0  0.0  0.0  0.0  0.0  0.0  0.0
2.0
1  0.0  0.0  0.0
 
 'DRIFT' D2                                                                                                  89
45.0
 
 'CHANGREF' C1                                                                                               90
0.0  0.0 -18.0
 
 'BEND' SBEND                                                                                                91
0
250.7749201408435 0.0 2.464496802167e+00
0.0  0.0  0.0
4 2.401e-01 1.8639 -5.572e-01 3.904e-01  0.0  0.0
0.0  0.0  0.0
4 2.401e-01 1.8639 -5.572e-01 3.904e-01  0.0  0.0
2.0
1  0.0  0.0  0.0
 
 'CHANGREF' C1                                                                                               92
0.0  0.0 -18.0
 
 'DRIFT' D2                                                                                                  93
45.0
 
 'MULTIPOL' QUAD QF                                                                                          94
0
50.0 10.0  0.0 4.004807303521e-01  0.0  0.0  0.0  0.0  0.0  0.0  0.0  0.0
0.0  0.0  0.0 1.0  0.0  0.0  0.0  0.0  0.0  0.0  0.0
0 1.122e-01 6.2671 -1.4982 3.5882 -2.1209 1.7230
0.0  0.0  0.0 1.0  0.0  0.0  0.0  0.0  0.0  0.0  0.0
0 1.122e-01 6.2671 -1.4982 3.5882 -2.1209 1.7230
0.0  0.0  0.0  0.0  0.0  0.0  0.0  0.0  0.0  0.0
2.0
1  0.0  0.0  0.0
 
 'DRIFT' D1                                                                                                  95
228.646
 
! 10: cell 0 (no sextupoles)
!
 'DRIFT' D1                                                                                                  96
228.646
 
 'MULTIPOL' QUAD QD                                                                                          97
0
50.0 10.0  0.0 -5.504042858173e-01  0.0  0.0  0.0  0.0  0.0  0.0  0.0  0.0
0.0  0.0  0.0 1.0  0.0  0.0  0.0  0.0  0.0  0.0  0.0
0 1.122e-01 6.2671 -1.4982 3.5882 -2.1209 1.7230
0.0  0.0  0.0 1.0  0.0  0.0  0.0  0.0  0.0  0.0  0.0
0 1.122e-01 6.2671 -1.4982 3.5882 -2.1209 1.7230
0.0  0.0  0.0  0.0  0.0  0.0  0.0  0.0  0.0  0.0
2.0
1  0.0  0.0  0.0
 
 'DRIFT' D2                                                                                                  98
45.0
 
 'CHANGREF' C1                                                                                               99
0.0  0.0 -18.0
 
 'BEND' SBEND                                                                                               100
0
250.7749201408435 0.0 2.464496802167e+00
0.0  0.0  0.0
4 2.401e-01 1.8639 -5.572e-01 3.904e-01  0.0  0.0
0.0  0.0  0.0
4 2.401e-01 1.8639 -5.572e-01 3.904e-01  0.0  0.0
2.0
1  0.0  0.0  0.0
 
 'CHANGREF' C1                                                                                              101
0.0  0.0 -18.0
 
 'DRIFT' D2                                                                                                 102
45.0
 
 'MULTIPOL' QUAD QF                                                                                         103
0
50.0 10.0  0.0 4.004807303521e-01  0.0  0.0  0.0  0.0  0.0  0.0  0.0  0.0
0.0  0.0  0.0 1.0  0.0  0.0  0.0  0.0  0.0  0.0  0.0
0 1.122e-01 6.2671 -1.4982 3.5882 -2.1209 1.7230
0.0  0.0  0.0 1.0  0.0  0.0  0.0  0.0  0.0  0.0  0.0
0 1.122e-01 6.2671 -1.4982 3.5882 -2.1209 1.7230
0.0  0.0  0.0  0.0  0.0  0.0  0.0  0.0  0.0  0.0
2.0
1  0.0  0.0  0.0
 
 'DRIFT' D1                                                                                                 104
228.646
 
                                                                      'MARKER'  ! Include_End : PSR_Latti   105
!----------------------
 
 'OPTIONS'                                                                                                  106
1 1
WRITE ON
 
 'FIT2'                                                                                                     107
2  save
1 30 0 [-1.,+1.]
1 31 0 [-100.,+100.]
2  1.D-11  9999
3.1  1  2  #End 0. 1. 0   ! Yf = Yi
3.1  1  3  #End 0. 1. 0   ! Tf = Ti
 
 'MATRIX'                                                                                                   108
1 11  PRINT
 
 'REBELOTE'                                                                                                 109
4 0.1 0 1
1
OBJET 35  1.001  0.999  1.0001  0.9999
 
 'END'                                                                                                      110
