!========= Los Alamos PSR lattice =============
!--- scaled to magnetic rigidity 1000 kG.cm ---

! 01: cell 0 (no sextupoles)
!
 'DRIFT' D1
228.646

 'MULTIPOL' QUAD QD
0
50.0 10.0  0.0 -5.504042858173e-01  0.0  0.0  0.0  0.0  0.0  0.0  0.0  0.0
 0.0  0.0  0.0 1.0  0.0  0.0  0.0  0.0  0.0  0.0  0.0
0 1.122e-01 6.2671 -1.4982 3.5882 -2.1209 1.7230
 0.0  0.0  0.0 1.0  0.0  0.0  0.0  0.0  0.0  0.0  0.0
0 1.122e-01 6.2671 -1.4982 3.5882 -2.1209 1.7230
 0.0  0.0  0.0  0.0  0.0  0.0  0.0  0.0  0.0  0.0
2.0  ! cm
1  0.0  0.0  0.0

 'DRIFT' D2
45.0

 'CHANGREF' C1
 0.0  0.0 -18.0

 'BEND' SBEND
0
250.7749201408435 0.0 2.464496802167e+00
 0.0  0.0  0.0
4 2.401e-01 1.8639 -5.572e-01 3.904e-01  0.0  0.0
 0.0  0.0  0.0
4 2.401e-01 1.8639 -5.572e-01 3.904e-01  0.0  0.0
2.0  ! cm
1  0.0  0.0  0.0

 'CHANGREF' C1
 0.0  0.0 -18.0

 'DRIFT' D2
45.0

 'MULTIPOL' QUAD QF
0
50.0 10.0  0.0 4.004807303521e-01  0.0  0.0  0.0  0.0  0.0  0.0  0.0  0.0
 0.0  0.0  0.0 1.0  0.0  0.0  0.0  0.0  0.0  0.0  0.0
0 1.122e-01 6.2671 -1.4982 3.5882 -2.1209 1.7230
 0.0  0.0  0.0 1.0  0.0  0.0  0.0  0.0  0.0  0.0  0.0
0 1.122e-01 6.2671 -1.4982 3.5882 -2.1209 1.7230
 0.0  0.0  0.0  0.0  0.0  0.0  0.0  0.0  0.0  0.0
2.0  ! cm
1  0.0  0.0  0.0

 'DRIFT' D1
228.646

! 02: cell T (trailing sextupole)
!
 'DRIFT' D1
228.646

 'MULTIPOL' QUAD QD
0
50.0 10.0  0.0 -5.504042858173e-01  0.0  0.0  0.0  0.0  0.0  0.0  0.0  0.0
 0.0  0.0  0.0 1.0  0.0  0.0  0.0  0.0  0.0  0.0  0.0
0 1.122e-01 6.2671 -1.4982 3.5882 -2.1209 1.7230
 0.0  0.0  0.0 1.0  0.0  0.0  0.0  0.0  0.0  0.0  0.0
0 1.122e-01 6.2671 -1.4982 3.5882 -2.1209 1.7230
 0.0  0.0  0.0  0.0  0.0  0.0  0.0  0.0  0.0  0.0
2.0
1  0.0  0.0  0.0

 'DRIFT' D2
45.0

 'CHANGREF' C1
 0.0  0.0 -18.0

 'BEND' SBEND
0
250.7749201408435 0.0 2.464496802167e+00
 0.0  0.0  0.0
4 2.401e-01 1.8639 -5.572e-01 3.904e-01  0.0  0.0
 0.0  0.0  0.0
4 2.401e-01 1.8639 -5.572e-01 3.904e-01  0.0  0.0
2.0
1  0.0  0.0  0.0

 'CHANGREF' C1
 0.0  0.0 -18.0

 'DRIFT' D2
45.0

 'MULTIPOL' QUAD QF
0
50.0 10.0  0.0 4.004807303521e-01  0.0  0.0  0.0  0.0  0.0  0.0  0.0  0.0
 0.0  0.0  0.0 1.0  0.0  0.0  0.0  0.0  0.0  0.0  0.0
0 1.122e-01 6.2671 -1.4982 3.5882 -2.1209 1.7230
 0.0  0.0  0.0 1.0  0.0  0.0  0.0  0.0  0.0  0.0  0.0
0 1.122e-01 6.2671 -1.4982 3.5882 -2.1209 1.7230
 0.0  0.0  0.0  0.0  0.0  0.0  0.0  0.0  0.0  0.0
2.0
1  0.0  0.0  0.0

 'DRIFT' D3
30.0

 'MULTIPOL' SEXT SF
0
50.0 10.0  0.0  0.0 3.285995736223e-02  0.0  0.0  0.0  0.0  0.0  0.0  0.0
 0.0  0.0  0.0  0.0 1.0  0.0  0.0  0.0  0.0  0.0  0.0
0 1.122e-01 6.2671 -1.4982 3.5882 -2.1209 1.7230
 0.0  0.0  0.0  0.0 1.0  0.0  0.0  0.0  0.0  0.0  0.0
0 1.122e-01 6.2671 -1.4982 3.5882 -2.1209 1.7230
 0.0  0.0  0.0  0.0  0.0  0.0  0.0  0.0  0.0  0.0
2.0
1  0.0  0.0  0.0

 'DRIFT' D4
148.646

! 03: cell L (leading sextupole)
!
 'DRIFT' D4
148.646

 'MULTIPOL' SEXT SD
0
50.0 10.0  0.0  0.0 -4.928993604334e-02  0.0  0.0  0.0  0.0  0.0  0.0  0.0
 0.0  0.0  0.0  0.0  0.0  0.0  0.0  0.0  0.0  0.0  0.0
0 1.122e-01 6.2671 -1.4982 3.5882 -2.1209 1.7230
 0.0  0.0  0.0  0.0 1.0  0.0  0.0  0.0  0.0  0.0  0.0
0 1.122e-01 6.2671 -1.4982 3.5882 -2.1209 1.7230
 0.0  0.0  0.0  0.0  0.0  0.0  0.0  0.0  0.0  0.0
2.0
1  0.0  0.0  0.0

 'DRIFT' D3
30.0

 'MULTIPOL' QUAD QD
0
50.0 10.0  0.0 -5.504042858173e-01  0.0  0.0  0.0  0.0  0.0  0.0  0.0  0.0
 0.0  0.0  0.0 1.0  0.0  0.0  0.0  0.0  0.0  0.0  0.0
0 1.122e-01 6.2671 -1.4982 3.5882 -2.1209 1.7230
 0.0  0.0  0.0 1.0  0.0  0.0  0.0  0.0  0.0  0.0  0.0
0 1.122e-01 6.2671 -1.4982 3.5882 -2.1209 1.7230
 0.0  0.0  0.0  0.0  0.0  0.0  0.0  0.0  0.0  0.0
2.0
1  0.0  0.0  0.0

 'DRIFT' D2
45.0

 'CHANGREF' C1
 0.0  0.0 -18.0

 'BEND' SBEND
0
250.7749201408435 0.0 2.464496802167e+00
 0.0  0.0  0.0
4 2.401e-01 1.8639 -5.572e-01 3.904e-01  0.0  0.0
 0.0  0.0  0.0
4 2.401e-01 1.8639 -5.572e-01 3.904e-01  0.0  0.0
2.0
1  0.0  0.0  0.0

 'CHANGREF' C1
 0.0  0.0 -18.0

 'DRIFT' D2
45.0

 'MULTIPOL' QUAD QF
0
50.0 10.0  0.0 4.004807303521e-01  0.0  0.0  0.0  0.0  0.0  0.0  0.0  0.0
 0.0  0.0  0.0 1.0  0.0  0.0  0.0  0.0  0.0  0.0  0.0
0 1.122e-01 6.2671 -1.4982 3.5882 -2.1209 1.7230
 0.0  0.0  0.0 1.0  0.0  0.0  0.0  0.0  0.0  0.0  0.0
0 1.122e-01 6.2671 -1.4982 3.5882 -2.1209 1.7230
 0.0  0.0  0.0  0.0  0.0  0.0  0.0  0.0  0.0  0.0
2.0
1  0.0  0.0  0.0

 'DRIFT' D1
228.646

! 04: cell 0 (no sextupoles)
!
 'DRIFT' D1
228.646

 'MULTIPOL' QUAD QD
0
50.0 10.0  0.0 -5.504042858173e-01  0.0  0.0  0.0  0.0  0.0  0.0  0.0  0.0
 0.0  0.0  0.0 1.0  0.0  0.0  0.0  0.0  0.0  0.0  0.0
0 1.122e-01 6.2671 -1.4982 3.5882 -2.1209 1.7230
 0.0  0.0  0.0 1.0  0.0  0.0  0.0  0.0  0.0  0.0  0.0
0 1.122e-01 6.2671 -1.4982 3.5882 -2.1209 1.7230
 0.0  0.0  0.0  0.0  0.0  0.0  0.0  0.0  0.0  0.0
2.0
1  0.0  0.0  0.0

 'DRIFT' D2
45.0

 'CHANGREF' C1
 0.0  0.0 -18.0

 'BEND' SBEND
0
250.7749201408435 0.0 2.464496802167e+00
 0.0  0.0  0.0
4 2.401e-01 1.8639 -5.572e-01 3.904e-01  0.0  0.0
 0.0  0.0  0.0
4 2.401e-01 1.8639 -5.572e-01 3.904e-01  0.0  0.0
2.0
1  0.0  0.0  0.0

 'CHANGREF' C1
 0.0  0.0 -18.0

 'DRIFT' D2
45.0

 'MULTIPOL' QUAD QF
0
50.0 10.0  0.0 4.004807303521e-01  0.0  0.0  0.0  0.0  0.0  0.0  0.0  0.0
 0.0  0.0  0.0 1.0  0.0  0.0  0.0  0.0  0.0  0.0  0.0
0 1.122e-01 6.2671 -1.4982 3.5882 -2.1209 1.7230
 0.0  0.0  0.0 1.0  0.0  0.0  0.0  0.0  0.0  0.0  0.0
0 1.122e-01 6.2671 -1.4982 3.5882 -2.1209 1.7230
 0.0  0.0  0.0  0.0  0.0  0.0  0.0  0.0  0.0  0.0
2.0
1  0.0  0.0  0.0

 'DRIFT' D1
228.646

! 05: cell 0 (no sextupoles)
!
 'DRIFT' D1
228.646

 'MULTIPOL' QUAD QD
0
50.0 10.0  0.0 -5.504042858173e-01  0.0  0.0  0.0  0.0  0.0  0.0  0.0  0.0
 0.0  0.0  0.0 1.0  0.0  0.0  0.0  0.0  0.0  0.0  0.0
0 1.122e-01 6.2671 -1.4982 3.5882 -2.1209 1.7230
 0.0  0.0  0.0 1.0  0.0  0.0  0.0  0.0  0.0  0.0  0.0
0 1.122e-01 6.2671 -1.4982 3.5882 -2.1209 1.7230
 0.0  0.0  0.0  0.0  0.0  0.0  0.0  0.0  0.0  0.0
2.0
1  0.0  0.0  0.0

 'DRIFT' D2
45.0

 'CHANGREF' C1
 0.0  0.0 -18.0

 'BEND' SBEND
0
250.7749201408435 0.0 2.464496802167e+00
 0.0  0.0  0.0
4 2.401e-01 1.8639 -5.572e-01 3.904e-01  0.0  0.0
 0.0  0.0  0.0
4 2.401e-01 1.8639 -5.572e-01 3.904e-01  0.0  0.0
2.0
1  0.0  0.0  0.0

 'CHANGREF' C1
 0.0  0.0 -18.0

 'DRIFT' D2
45.0

 'MULTIPOL' QUAD QF
0
50.0 10.0  0.0 4.004807303521e-01  0.0  0.0  0.0  0.0  0.0  0.0  0.0  0.0
 0.0  0.0  0.0 1.0  0.0  0.0  0.0  0.0  0.0  0.0  0.0
0 1.122e-01 6.2671 -1.4982 3.5882 -2.1209 1.7230
 0.0  0.0  0.0 1.0  0.0  0.0  0.0  0.0  0.0  0.0  0.0
0 1.122e-01 6.2671 -1.4982 3.5882 -2.1209 1.7230
 0.0  0.0  0.0  0.0  0.0  0.0  0.0  0.0  0.0  0.0
2.0
1  0.0  0.0  0.0

 'DRIFT' D1
228.646

! 06: cell 0 (no sextupoles)
!
 'DRIFT' D1
228.646

 'MULTIPOL' QUAD QD
0
50.0 10.0  0.0 -5.504042858173e-01  0.0  0.0  0.0  0.0  0.0  0.0  0.0  0.0
 0.0  0.0  0.0 1.0  0.0  0.0  0.0  0.0  0.0  0.0  0.0
0 1.122e-01 6.2671 -1.4982 3.5882 -2.1209 1.7230
 0.0  0.0  0.0 1.0  0.0  0.0  0.0  0.0  0.0  0.0  0.0
0 1.122e-01 6.2671 -1.4982 3.5882 -2.1209 1.7230
 0.0  0.0  0.0  0.0  0.0  0.0  0.0  0.0  0.0  0.0
2.0
1  0.0  0.0  0.0

 'DRIFT' D2
45.0

 'CHANGREF' C1
 0.0  0.0 -18.0

 'BEND' SBEND
0
250.7749201408435 0.0 2.464496802167e+00
 0.0  0.0  0.0
4 2.401e-01 1.8639 -5.572e-01 3.904e-01  0.0  0.0
 0.0  0.0  0.0
4 2.401e-01 1.8639 -5.572e-01 3.904e-01  0.0  0.0
2.0
1  0.0  0.0  0.0

 'CHANGREF' C1
 0.0  0.0 -18.0

 'DRIFT' D2
45.0

 'MULTIPOL' QUAD QF
0
50.0 10.0  0.0 4.004807303521e-01  0.0  0.0  0.0  0.0  0.0  0.0  0.0  0.0
 0.0  0.0  0.0 1.0  0.0  0.0  0.0  0.0  0.0  0.0  0.0
0 1.122e-01 6.2671 -1.4982 3.5882 -2.1209 1.7230
 0.0  0.0  0.0 1.0  0.0  0.0  0.0  0.0  0.0  0.0  0.0
0 1.122e-01 6.2671 -1.4982 3.5882 -2.1209 1.7230
 0.0  0.0  0.0  0.0  0.0  0.0  0.0  0.0  0.0  0.0
2.0
1  0.0  0.0  0.0

 'DRIFT' D1
228.646

! 07: cell T (trailing sextupole)
!
 'DRIFT' D1
228.646

 'MULTIPOL' QUAD QD
0
50.0 10.0  0.0 -5.504042858173e-01  0.0  0.0  0.0  0.0  0.0  0.0  0.0  0.0
 0.0  0.0  0.0 1.0  0.0  0.0  0.0  0.0  0.0  0.0  0.0
0 1.122e-01 6.2671 -1.4982 3.5882 -2.1209 1.7230
 0.0  0.0  0.0 1.0  0.0  0.0  0.0  0.0  0.0  0.0  0.0
0 1.122e-01 6.2671 -1.4982 3.5882 -2.1209 1.7230
 0.0  0.0  0.0  0.0  0.0  0.0  0.0  0.0  0.0  0.0
2.0
1  0.0  0.0  0.0

 'DRIFT' D2
45.0

 'CHANGREF' C1
 0.0  0.0 -18.0

 'BEND' SBEND
0
250.7749201408435 0.0 2.464496802167e+00
 0.0  0.0  0.0
4 2.401e-01 1.8639 -5.572e-01 3.904e-01  0.0  0.0
 0.0  0.0  0.0
4 2.401e-01 1.8639 -5.572e-01 3.904e-01  0.0  0.0
2.0
1  0.0  0.0  0.0

 'CHANGREF' C1
 0.0  0.0 -18.0

 'DRIFT' D2
45.0

 'MULTIPOL' QUAD QF
0
50.0 10.0  0.0 4.004807303521e-01  0.0  0.0  0.0  0.0  0.0  0.0  0.0  0.0
 0.0  0.0  0.0 1.0  0.0  0.0  0.0  0.0  0.0  0.0  0.0
0 1.122e-01 6.2671 -1.4982 3.5882 -2.1209 1.7230
 0.0  0.0  0.0 1.0  0.0  0.0  0.0  0.0  0.0  0.0  0.0
0 1.122e-01 6.2671 -1.4982 3.5882 -2.1209 1.7230
 0.0  0.0  0.0  0.0  0.0  0.0  0.0  0.0  0.0  0.0
2.0
1  0.0  0.0  0.0

 'DRIFT' D3
30.0

 'MULTIPOL' SEXT SF
0
50.0 10.0  0.0  0.0 3.285995736223e-02  0.0  0.0  0.0  0.0  0.0  0.0  0.0
 0.0  0.0  0.0  0.0 1.0  0.0  0.0  0.0  0.0  0.0  0.0
0 1.122e-01 6.2671 -1.4982 3.5882 -2.1209 1.7230
 0.0  0.0  0.0  0.0 1.0  0.0  0.0  0.0  0.0  0.0  0.0
0 1.122e-01 6.2671 -1.4982 3.5882 -2.1209 1.7230
 0.0  0.0  0.0  0.0  0.0  0.0  0.0  0.0  0.0  0.0
2.0
1  0.0  0.0  0.0

 'DRIFT' D4
148.646

! 08: cell L (leading sextupole)
!
 'DRIFT' D4
148.646

 'MULTIPOL' SEXT SD
0
50.0 10.0  0.0  0.0 -4.928993604334e-02  0.0  0.0  0.0  0.0  0.0  0.0  0.0
 0.0  0.0  0.0  0.0  0.0  0.0  0.0  0.0  0.0  0.0  0.0
0 1.122e-01 6.2671 -1.4982 3.5882 -2.1209 1.7230
 0.0  0.0  0.0  0.0 1.0  0.0  0.0  0.0  0.0  0.0  0.0
0 1.122e-01 6.2671 -1.4982 3.5882 -2.1209 1.7230
 0.0  0.0  0.0  0.0  0.0  0.0  0.0  0.0  0.0  0.0
2.0
1  0.0  0.0  0.0

 'DRIFT' D3
30.0

 'MULTIPOL' QUAD QD
0
50.0 10.0  0.0 -5.504042858173e-01  0.0  0.0  0.0  0.0  0.0  0.0  0.0  0.0
 0.0  0.0  0.0 1.0  0.0  0.0  0.0  0.0  0.0  0.0  0.0
0 1.122e-01 6.2671 -1.4982 3.5882 -2.1209 1.7230
 0.0  0.0  0.0 1.0  0.0  0.0  0.0  0.0  0.0  0.0  0.0
0 1.122e-01 6.2671 -1.4982 3.5882 -2.1209 1.7230
 0.0  0.0  0.0  0.0  0.0  0.0  0.0  0.0  0.0  0.0
2.0
1  0.0  0.0  0.0

 'DRIFT' D2
45.0

 'CHANGREF' C1
 0.0  0.0 -18.0

 'BEND' SBEND
0
250.7749201408435 0.0 2.464496802167e+00
 0.0  0.0  0.0
4 2.401e-01 1.8639 -5.572e-01 3.904e-01  0.0  0.0
 0.0  0.0  0.0
4 2.401e-01 1.8639 -5.572e-01 3.904e-01  0.0  0.0
2.0
1  0.0  0.0  0.0

 'CHANGREF' C1
 0.0  0.0 -18.0

 'DRIFT' D2
45.0

 'MULTIPOL' QUAD QF
0
50.0 10.0  0.0 4.004807303521e-01  0.0  0.0  0.0  0.0  0.0  0.0  0.0  0.0
 0.0  0.0  0.0 1.0  0.0  0.0  0.0  0.0  0.0  0.0  0.0
0 1.122e-01 6.2671 -1.4982 3.5882 -2.1209 1.7230
 0.0  0.0  0.0 1.0  0.0  0.0  0.0  0.0  0.0  0.0  0.0
0 1.122e-01 6.2671 -1.4982 3.5882 -2.1209 1.7230
 0.0  0.0  0.0  0.0  0.0  0.0  0.0  0.0  0.0  0.0
2.0
1  0.0  0.0  0.0

 'DRIFT' D1
228.646

! 09: cell 0 (no sextupoles)
!
 'DRIFT' D1
228.646

 'MULTIPOL' QUAD QD
0
50.0 10.0  0.0 -5.504042858173e-01  0.0  0.0  0.0  0.0  0.0  0.0  0.0  0.0
 0.0  0.0  0.0 1.0  0.0  0.0  0.0  0.0  0.0  0.0  0.0
0 1.122e-01 6.2671 -1.4982 3.5882 -2.1209 1.7230
 0.0  0.0  0.0 1.0  0.0  0.0  0.0  0.0  0.0  0.0  0.0
0 1.122e-01 6.2671 -1.4982 3.5882 -2.1209 1.7230
 0.0  0.0  0.0  0.0  0.0  0.0  0.0  0.0  0.0  0.0
2.0
1  0.0  0.0  0.0

 'DRIFT' D2
45.0

 'CHANGREF' C1
 0.0  0.0 -18.0

 'BEND' SBEND
0
250.7749201408435 0.0 2.464496802167e+00
 0.0  0.0  0.0
4 2.401e-01 1.8639 -5.572e-01 3.904e-01  0.0  0.0
 0.0  0.0  0.0
4 2.401e-01 1.8639 -5.572e-01 3.904e-01  0.0  0.0
2.0
1  0.0  0.0  0.0

 'CHANGREF' C1
 0.0  0.0 -18.0

 'DRIFT' D2
45.0

 'MULTIPOL' QUAD QF
0
50.0 10.0  0.0 4.004807303521e-01  0.0  0.0  0.0  0.0  0.0  0.0  0.0  0.0
 0.0  0.0  0.0 1.0  0.0  0.0  0.0  0.0  0.0  0.0  0.0
0 1.122e-01 6.2671 -1.4982 3.5882 -2.1209 1.7230
 0.0  0.0  0.0 1.0  0.0  0.0  0.0  0.0  0.0  0.0  0.0
0 1.122e-01 6.2671 -1.4982 3.5882 -2.1209 1.7230
 0.0  0.0  0.0  0.0  0.0  0.0  0.0  0.0  0.0  0.0
2.0
1  0.0  0.0  0.0

 'DRIFT' D1
228.646

! 10: cell 0 (no sextupoles)
!
 'DRIFT' D1
228.646

 'MULTIPOL' QUAD QD
0
50.0 10.0  0.0 -5.504042858173e-01  0.0  0.0  0.0  0.0  0.0  0.0  0.0  0.0
 0.0  0.0  0.0 1.0  0.0  0.0  0.0  0.0  0.0  0.0  0.0
0 1.122e-01 6.2671 -1.4982 3.5882 -2.1209 1.7230
 0.0  0.0  0.0 1.0  0.0  0.0  0.0  0.0  0.0  0.0  0.0
0 1.122e-01 6.2671 -1.4982 3.5882 -2.1209 1.7230
 0.0  0.0  0.0  0.0  0.0  0.0  0.0  0.0  0.0  0.0
2.0
1  0.0  0.0  0.0

 'DRIFT' D2
45.0

 'CHANGREF' C1
 0.0  0.0 -18.0

 'BEND' SBEND
0
250.7749201408435 0.0 2.464496802167e+00
 0.0  0.0  0.0
4 2.401e-01 1.8639 -5.572e-01 3.904e-01  0.0  0.0
 0.0  0.0  0.0
4 2.401e-01 1.8639 -5.572e-01 3.904e-01  0.0  0.0
2.0
1  0.0  0.0  0.0

 'CHANGREF' C1
 0.0  0.0 -18.0

 'DRIFT' D2
45.0

 'MULTIPOL' QUAD QF
0
50.0 10.0  0.0 4.004807303521e-01  0.0  0.0  0.0  0.0  0.0  0.0  0.0  0.0
 0.0  0.0  0.0 1.0  0.0  0.0  0.0  0.0  0.0  0.0  0.0
0 1.122e-01 6.2671 -1.4982 3.5882 -2.1209 1.7230
 0.0  0.0  0.0 1.0  0.0  0.0  0.0  0.0  0.0  0.0  0.0
0 1.122e-01 6.2671 -1.4982 3.5882 -2.1209 1.7230
 0.0  0.0  0.0  0.0  0.0  0.0  0.0  0.0  0.0  0.0
2.0
1  0.0  0.0  0.0

 'DRIFT' D1
228.646

